image_width: 2400
image_height: 1200
camera_name: fsp_l
camera_matrix:
  rows: 3
  cols: 3
  data: [1451.49531, 0.0, 1218.93228, 0.0, 1450.7118, 683.50771, 0.0, 0.0, 1.0]
distortion_model: plumb_bob
distortion_coefficients:
  rows: 1
  cols: 5
  data: [-0.01423, 0.03806, -0.00111, 0.00149, 0.0]
projection_matrix:
  rows: 3
  cols: 4
  data: [1476.375, 0.0, 1221.62998, 0.0, 0.0, 1473.29614, 680.0083, 0.0, 0.0, 0.0,
    1.0, 0.0]
rectification_matrix:
  rows: 3
  cols: 3
  data: [1.0, 0.0, 0.0, 0.0, 1.0, 0.0, 0.0, 0.0, 1.0]
