image_width: 2400
image_height: 1200
camera_name: lspf_r
camera_matrix:
  rows: 3
  cols: 3
  data: [1444.38913, 0.0, 1162.88551, 0.0, 1442.8811, 716.39319, 0.0, 0.0, 1.0]
distortion_model: plumb_bob
distortion_coefficients:
  rows: 1
  cols: 5
  data: [-0.02565, 0.04315, 0.00124, 0.00201, 0.0]
projection_matrix:
  rows: 3
  cols: 4
  data: [1460.8667, 0.0, 1170.86824, 0.0, 0.0, 1462.78577, 716.14016, 0.0,
         0.0, 0.0, 1.0, 0.0]
rectification_matrix:
  rows: 3
  cols: 3
  data: [1.0, 0.0, 0.0, 0.0, 1.0, 0.0, 0.0, 0.0, 1.0]
