image_width: 2272
image_height: 1056
camera_name: lspf_r
camera_matrix:
  rows: 3
  cols: 3
  data: [1458.26331, 0.0, 1112.15197, 0.0, 1458.19592, 467.52342, 0.0, 0.0, 1.0]
distortion_model: plumb_bob
distortion_coefficients:
  rows: 1
  cols: 5
  data: [-0.02696, 0.05431, -0.00386, 0.00251, 0.0]
projection_matrix:
  rows: 3
  cols: 4
  data: [1472.29309, 0.0, 1119.39661, 0.0, 0.0, 1475.89136, 462.41455, 0.0, 0.0, 0.0,
    1.0, 0.0]
rectification_matrix:
  rows: 3
  cols: 3
  data: [1.0, 0.0, 0.0, 0.0, 1.0, 0.0, 0.0, 0.0, 1.0]
