image_width: 2400
image_height: 1200
camera_name: rspf_l
camera_matrix:
  rows: 3
  cols: 3
  data: [1461.55571, 0.0, 1224.79388, 0.0, 1460.11652, 698.92044, 0.0, 0.0, 1.0]
distortion_model: plumb_bob
distortion_coefficients:
  rows: 1
  cols: 5
  data: [-0.02165, 0.04774, -0.00045, -0.00174, 0.0]
projection_matrix:
  rows: 3
  cols: 4
  data: [1487.19666, 0.0, 1217.46926, 0.0, 0.0, 1486.86389, 695.97597, 0.0, 0.0, 0.0,
    1.0, 0.0]
rectification_matrix:
  rows: 3
  cols: 3
  data: [1.0, 0.0, 0.0, 0.0, 1.0, 0.0, 0.0, 0.0, 1.0]
